Output from NeEstimator v2.1
Starting time: Thu Aug  8 11:55:06 2024
Input File: "PverTaxon1A_Ne_genepop_northsouth2.txt"

Number of Loci = 8597

Non-polymorphic loci:     1,     2,     3,     4,     6,     7,     8,    10,
           11,    13,    15,    16,    17,    19,    21,    22,    26,    27,
           28,    29,    30,    32,    33,    34,    35,    36,    38,    39,
           40,    41,    42,    43,    44,    46,    48,    49,    51,    52,
           53,    54,    55,    56,    57,    58,    59,    61,    63,    67,
           68,    70,    71,    72,    73,    74,    75,    76,    77,    78,
           79,    80,    81,    82,    83,    84,    87,    88,    89,    90,
           94,    95,    96,    97,    98,    99,   101,   102,   103,   104,
          105,   106,   107,   109,   110,   111,   113,   114,   115,   116,
          119,   120,   121,   122,   123,   124,   126,   127,   128,   130,
          131,   132,   133,   134,   136,   137,   138,   139,   141,   142,
          144,   145,   147,   149,   151,   152,   154,   156,   157,   158,
          159,   160,   161,   162,   163,   164,   165,   167,   169,   170,
          171,   172,   173,   174,   175,   176,   179,   180,   182,   183,
          184,   185,   186,   187,   189,   192,   193,   194,   195,   196,
          197,   198,   199,   200,   203,   204,   206,   207,   212,   214,
          215,   216,   218,   219,   220,   221,   222,   223,   224,   225,
          226,   228,   229,   231,   233,   234,   235,   237,   238,   240,
          241,   243,   246,   247,   248,   249,   250,   251,   252,   253,
          254,   255,   256,   257,   258,   259,   260,   261,   262,   263,
          264,   267,   269,   272,   273,   274,   275,   277,   280,   281,
          282,   283,   285,   286,   290,   291,   293,   294,   297,   298,
          301,   302,   304,   305,   306,   307,   308,   309,   312,   313,
          314,   315,   317,   318,   319,   320,   321,   322,   323,   324,
          325,   326,   327,   329,   330,   332,   333,   335,   336,   339,
          341,   342,   343,   346,   347,   349,   351,   352,   353,   355,
          357,   358,   359,   360,   362,   363,   364,   365,   366,   368,
          370,   371,   373,   375,   378,   379,   380,   382,   383,   384,
          385,   386,   388,   389,   390,   392,   394,   395,   397,   398,
          399,   401,   402,   404,   405,   406,   408,   409,   410,   411,
          412,   413,   414,   415,   417,   418,   419,   420,   424,   425,
          427,   428,   430,   432,   434,   435,   436,   438,   439,   440,
          441,   442,   443,   445,   446,   448,   449,   450,   452,   454,
          455,   459,   460,   461,   462,   463,   464,   465,   466,   467,
          468,   469,   470,   471,   472,   473,   474,   475,   476,   477,
          479,   480,   481,   484,   485,   486,   487,   488,   490,   491,
          492,   493,   494,   495,   496,   497,   500,   501,   503,   504,
          505,   506,   507,   509,   510,   511,   513,   514,   516,   517,
          518,   519,   520,   521,   522,   524,   525,   526,   527,   528,
          529,   530,   531,   532,   533,   534,   535,   537,   538,   539,
          540,   541,   542,   543,   544,   545,   546,   547,   548,   549,
          550,   551,   552,   553,   557,   560,   561,   562,   563,   566,
          567,   571,   572,   573,   574,   575,   577,   578,   579,   580,
          584,   585,   590,   594,   595,   597,   599,   601,   602,   603,
          604,   606,   607,   608,   609,   610,   611,   612,   613,   614,
          615,   617,   618,   619,   623,   625,   626,   627,   628,   629,
          630,   633,   635,   636,   637,   638,   639,   640,   641,   643,
          644,   645,   647,   648,   650,   652,   654,   655,   657,   658,
          659,   660,   662,   663,   665,   666,   668,   669,   671,   672,
          673,   674,   675,   676,   677,   678,   681,   683,   684,   686,
          687,   688,   690,   695,   699,   701,   704,   705,   706,   709,
          712,   713,   717,   719,   720,   721,   722,   723,   724,   725,
          728,   729,   730,   731,   735,   736,   738,   739,   740,   741,
          742,   743,   744,   746,   747,   748,   751,   752,   754,   755,
          756,   758,   760,   762,   763,   764,   765,   767,   768,   769,
          770,   771,   773,   775,   776,   777,   784,   785,   786,   787,
          788,   789,   790,   791,   792,   793,   794,   796,   797,   798,
          799,   800,   801,   804,   805,   806,   807,   808,   809,   810,
          813,   815,   817,   818,   819,   820,   821,   822,   823,   824,
          825,   826,   827,   829,   830,   832,   834,   835,   836,   837,
          838,   839,   840,   844,   845,   847,   850,   852,   853,   854,
          855,   856,   858,   860,   861,   862,   863,   864,   865,   867,
          869,   870,   871,   872,   873,   875,   876,   877,   881,   883,
          884,   885,   888,   890,   892,   893,   894,   896,   898,   901,
          902,   903,   904,   905,   906,   907,   908,   909,   911,   912,
          913,   914,   915,   916,   917,   919,   920,   921,   922,   923,
          924,   925,   927,   928,   929,   934,   936,   937,   939,   940,
          941,   944,   946,   947,   950,   951,   952,   954,   955,   958,
          959,   960,   963,   964,   965,   966,   968,   969,   970,   971,
          972,   974,   975,   979,   980,   984,   985,   986,   987,   988,
          989,   990,   993,   995,   996,   997,   999,  1000,  1001,  1002,
         1003,  1004,  1005,  1006,  1010,  1012,  1013,  1014,  1015,  1016,
         1017,  1018,  1019,  1020,  1021,  1023,  1024,  1025,  1026,  1028,
         1029,  1030,  1031,  1032,  1033,  1034,  1036,  1037,  1038,  1039,
         1041,  1042,  1043,  1044,  1045,  1047,  1048,  1049,  1050,  1051,
         1052,  1053,  1054,  1055,  1057,  1058,  1059,  1061,  1062,  1063,
         1066,  1067,  1069,  1070,  1071,  1073,  1075,  1076,  1077,  1078,
         1079,  1081,  1082,  1083,  1085,  1086,  1087,  1088,  1091,  1092,
         1093,  1094,  1095,  1096,  1097,  1098,  1099,  1100,  1105,  1107,
         1109,  1110,  1111,  1112,  1114,  1116,  1117,  1118,  1120,  1121,
         1122,  1123,  1124,  1125,  1126,  1128,  1130,  1133,  1135,  1138,
         1139,  1140,  1141,  1142,  1143,  1144,  1146,  1147,  1148,  1150,
         1151,  1153,  1154,  1155,  1156,  1157,  1158,  1159,  1160,  1161,
         1163,  1165,  1166,  1167,  1169,  1170,  1171,  1172,  1173,  1174,
         1175,  1176,  1177,  1178,  1179,  1180,  1181,  1182,  1184,  1185,
         1186,  1187,  1188,  1189,  1190,  1191,  1193,  1196,  1197,  1198,
         1199,  1200,  1201,  1202,  1204,  1205,  1206,  1208,  1211,  1213,
         1214,  1215,  1216,  1217,  1219,  1221,  1223,  1224,  1225,  1227,
         1228,  1229,  1231,  1234,  1235,  1236,  1238,  1240,  1245,  1246,
         1248,  1249,  1252,  1253,  1254,  1255,  1256,  1257,  1260,  1261,
         1262,  1264,  1268,  1269,  1270,  1271,  1272,  1274,  1275,  1277,
         1278,  1280,  1281,  1282,  1283,  1284,  1285,  1286,  1287,  1288,
         1289,  1291,  1292,  1293,  1294,  1295,  1297,  1299,  1300,  1301,
         1302,  1303,  1304,  1305,  1306,  1308,  1309,  1310,  1311,  1312,
         1313,  1314,  1316,  1317,  1321,  1323,  1324,  1325,  1326,  1328,
         1330,  1333,  1334,  1335,  1337,  1338,  1340,  1341,  1343,  1344,
         1346,  1348,  1349,  1350,  1352,  1354,  1356,  1357,  1361,  1362,
         1364,  1367,  1368,  1369,  1370,  1371,  1372,  1373,  1374,  1375,
         1376,  1377,  1379,  1380,  1382,  1383,  1388,  1389,  1390,  1391,
         1392,  1393,  1394,  1395,  1396,  1398,  1399,  1401,  1402,  1403,
         1404,  1405,  1406,  1407,  1408,  1409,  1411,  1412,  1414,  1418,
         1419,  1420,  1421,  1423,  1424,  1426,  1427,  1428,  1429,  1432,
         1436,  1437,  1439,  1440,  1441,  1442,  1443,  1444,  1445,  1446,
         1447,  1448,  1449,  1450,  1451,  1452,  1453,  1455,  1457,  1458,
         1459,  1461,  1464,  1466,  1467,  1468,  1469,  1470,  1471,  1472,
         1473,  1474,  1475,  1476,  1478,  1479,  1480,  1481,  1482,  1483,
         1484,  1485,  1486,  1487,  1488,  1490,  1492,  1494,  1495,  1497,
         1499,  1501,  1502,  1503,  1504,  1505,  1506,  1507,  1508,  1509,
         1511,  1514,  1516,  1519,  1521,  1523,  1525,  1526,  1527,  1528,
         1529,  1530,  1531,  1532,  1533,  1534,  1535,  1536,  1541,  1542,
         1544,  1548,  1551,  1552,  1554,  1555,  1556,  1558,  1560,  1561,
         1562,  1563,  1564,  1565,  1568,  1569,  1570,  1572,  1576,  1577,
         1578,  1579,  1580,  1583,  1585,  1588,  1589,  1590,  1592,  1594,
         1595,  1596,  1597,  1598,  1599,  1602,  1603,  1604,  1607,  1608,
         1609,  1610,  1611,  1612,  1613,  1615,  1616,  1618,  1620,  1624,
         1625,  1626,  1627,  1628,  1631,  1634,  1635,  1637,  1639,  1640,
         1642,  1643,  1644,  1646,  1647,  1648,  1649,  1651,  1652,  1653,
         1655,  1657,  1659,  1660,  1661,  1662,  1663,  1664,  1666,  1668,
         1669,  1670,  1672,  1673,  1674,  1675,  1676,  1677,  1678,  1679,
         1682,  1683,  1684,  1686,  1687,  1688,  1689,  1690,  1693,  1694,
         1695,  1696,  1699,  1700,  1703,  1704,  1705,  1706,  1707,  1708,
         1709,  1710,  1712,  1713,  1715,  1716,  1718,  1719,  1721,  1722,
         1723,  1725,  1728,  1729,  1730,  1731,  1733,  1734,  1737,  1738,
         1739,  1740,  1741,  1743,  1745,  1750,  1751,  1752,  1754,  1755,
         1756,  1758,  1759,  1760,  1762,  1763,  1764,  1765,  1766,  1767,
         1768,  1769,  1771,  1773,  1774,  1775,  1776,  1777,  1778,  1780,
         1782,  1785,  1786,  1788,  1790,  1791,  1792,  1793,  1794,  1795,
         1796,  1797,  1799,  1800,  1801,  1803,  1804,  1805,  1806,  1807,
         1808,  1809,  1810,  1811,  1813,  1814,  1815,  1816,  1818,  1821,
         1822,  1824,  1826,  1828,  1832,  1833,  1834,  1835,  1837,  1838,
         1839,  1840,  1843,  1844,  1846,  1847,  1848,  1849,  1850,  1851,
         1853,  1855,  1857,  1860,  1861,  1862,  1863,  1865,  1866,  1867,
         1869,  1870,  1872,  1873,  1874,  1875,  1876,  1877,  1878,  1879,
         1880,  1881,  1882,  1883,  1884,  1885,  1886,  1888,  1889,  1891,
         1892,  1893,  1894,  1896,  1897,  1898,  1899,  1900,  1901,  1902,
         1904,  1906,  1907,  1908,  1909,  1910,  1911,  1912,  1914,  1915,
         1916,  1917,  1921,  1922,  1923,  1924,  1926,  1927,  1928,  1929,
         1930,  1932,  1933,  1935,  1937,  1938,  1939,  1940,  1941,  1942,
         1943,  1944,  1947,  1948,  1949,  1950,  1951,  1952,  1953,  1955,
         1956,  1959,  1960,  1961,  1963,  1964,  1965,  1966,  1967,  1968,
         1969,  1970,  1973,  1974,  1976,  1977,  1978,  1979,  1980,  1983,
         1984,  1988,  1990,  1991,  1993,  1994,  1995,  1996,  1999,  2001,
         2004,  2007,  2008,  2009,  2010,  2012,  2014,  2017,  2018,  2020,
         2021,  2022,  2023,  2025,  2027,  2029,  2030,  2031,  2032,  2034,
         2035,  2036,  2038,  2039,  2040,  2041,  2042,  2043,  2044,  2045,
         2047,  2048,  2051,  2053,  2054,  2055,  2056,  2060,  2061,  2062,
         2063,  2064,  2065,  2066,  2069,  2070,  2072,  2073,  2074,  2075,
         2076,  2077,  2083,  2084,  2087,  2088,  2089,  2090,  2091,  2092,
         2097,  2098,  2100,  2103,  2104,  2105,  2106,  2109,  2110,  2111,
         2112,  2113,  2114,  2115,  2116,  2117,  2118,  2119,  2120,  2121,
         2123,  2128,  2132,  2133,  2134,  2135,  2136,  2137,  2138,  2139,
         2140,  2141,  2142,  2144,  2148,  2149,  2152,  2153,  2154,  2155,
         2156,  2157,  2158,  2159,  2160,  2161,  2163,  2164,  2165,  2167,
         2168,  2170,  2171,  2173,  2177,  2178,  2180,  2181,  2182,  2184,
         2185,  2187,  2188,  2189,  2191,  2192,  2194,  2195,  2196,  2197,
         2198,  2199,  2202,  2203,  2206,  2208,  2209,  2211,  2212,  2213,
         2216,  2217,  2219,  2220,  2221,  2224,  2226,  2228,  2229,  2230,
         2231,  2233,  2236,  2238,  2239,  2240,  2241,  2245,  2246,  2247,
         2248,  2250,  2251,  2253,  2256,  2257,  2259,  2260,  2262,  2264,
         2268,  2270,  2271,  2272,  2273,  2274,  2275,  2276,  2277,  2280,
         2281,  2282,  2284,  2285,  2286,  2287,  2288,  2289,  2290,  2292,
         2293,  2294,  2295,  2296,  2297,  2298,  2299,  2300,  2303,  2304,
         2305,  2306,  2307,  2308,  2309,  2310,  2311,  2312,  2313,  2314,
         2315,  2316,  2318,  2321,  2322,  2323,  2325,  2329,  2330,  2331,
         2332,  2333,  2334,  2335,  2336,  2337,  2338,  2340,  2341,  2342,
         2343,  2344,  2345,  2346,  2347,  2349,  2350,  2353,  2354,  2355,
         2356,  2357,  2358,  2360,  2362,  2363,  2364,  2367,  2368,  2369,
         2370,  2371,  2372,  2374,  2375,  2376,  2377,  2378,  2379,  2380,
         2381,  2382,  2383,  2384,  2385,  2386,  2387,  2388,  2390,  2393,
         2396,  2397,  2399,  2400,  2401,  2402,  2403,  2404,  2405,  2409,
         2410,  2411,  2413,  2415,  2416,  2417,  2418,  2419,  2420,  2422,
         2423,  2424,  2427,  2428,  2430,  2434,  2435,  2438,  2440,  2443,
         2444,  2445,  2446,  2447,  2449,  2451,  2452,  2457,  2458,  2459,
         2460,  2461,  2465,  2466,  2467,  2468,  2470,  2471,  2472,  2475,
         2476,  2477,  2480,  2481,  2484,  2485,  2486,  2488,  2489,  2490,
         2491,  2492,  2493,  2495,  2496,  2497,  2498,  2499,  2500,  2501,
         2502,  2503,  2504,  2505,  2506,  2507,  2508,  2509,  2510,  2511,
         2512,  2513,  2514,  2515,  2516,  2517,  2518,  2519,  2520,  2523,
         2525,  2527,  2529,  2530,  2532,  2533,  2534,  2536,  2538,  2539,
         2540,  2541,  2543,  2546,  2547,  2549,  2550,  2551,  2552,  2556,
         2557,  2558,  2559,  2560,  2561,  2562,  2563,  2564,  2565,  2566,
         2568,  2569,  2570,  2571,  2573,  2575,  2576,  2578,  2581,  2583,
         2585,  2587,  2589,  2590,  2591,  2592,  2593,  2594,  2596,  2597,
         2599,  2600,  2603,  2604,  2605,  2606,  2608,  2609,  2610,  2612,
         2614,  2615,  2617,  2619,  2620,  2621,  2622,  2623,  2625,  2627,
         2629,  2632,  2633,  2635,  2636,  2637,  2638,  2640,  2641,  2642,
         2644,  2647,  2648,  2649,  2650,  2651,  2652,  2653,  2654,  2655,
         2657,  2659,  2661,  2663,  2664,  2665,  2668,  2669,  2670,  2672,
         2673,  2676,  2677,  2678,  2680,  2681,  2682,  2683,  2684,  2685,
         2686,  2690,  2692,  2693,  2694,  2696,  2697,  2698,  2700,  2702,
         2703,  2704,  2710,  2711,  2712,  2713,  2715,  2717,  2721,  2722,
         2724,  2725,  2726,  2728,  2729,  2732,  2733,  2737,  2738,  2742,
         2743,  2746,  2748,  2750,  2751,  2753,  2754,  2755,  2756,  2757,
         2758,  2760,  2763,  2764,  2765,  2766,  2769,  2770,  2772,  2773,
         2774,  2777,  2778,  2779,  2780,  2781,  2782,  2783,  2784,  2786,
         2787,  2788,  2789,  2790,  2792,  2793,  2794,  2795,  2796,  2797,
         2798,  2799,  2800,  2801,  2802,  2804,  2806,  2807,  2808,  2810,
         2811,  2814,  2815,  2817,  2818,  2819,  2820,  2821,  2822,  2823,
         2824,  2826,  2827,  2832,  2833,  2834,  2835,  2837,  2838,  2840,
         2841,  2843,  2845,  2846,  2847,  2849,  2851,  2852,  2853,  2854,
         2858,  2860,  2861,  2862,  2864,  2865,  2866,  2867,  2868,  2869,
         2870,  2871,  2872,  2874,  2875,  2876,  2878,  2879,  2880,  2881,
         2882,  2883,  2884,  2885,  2886,  2887,  2888,  2889,  2891,  2892,
         2893,  2894,  2896,  2897,  2898,  2899,  2901,  2903,  2906,  2907,
         2908,  2909,  2912,  2913,  2914,  2915,  2916,  2917,  2918,  2919,
         2920,  2921,  2923,  2924,  2925,  2928,  2929,  2932,  2933,  2934,
         2935,  2936,  2937,  2938,  2939,  2940,  2941,  2942,  2943,  2944,
         2945,  2946,  2948,  2949,  2951,  2952,  2954,  2955,  2957,  2958,
         2959,  2961,  2962,  2965,  2967,  2969,  2970,  2971,  2972,  2975,
         2977,  2978,  2979,  2980,  2982,  2983,  2984,  2985,  2986,  2992,
         2993,  2994,  2995,  2996,  2997,  2998,  2999,  3000,  3001,  3003,
         3004,  3005,  3006,  3007,  3008,  3009,  3010,  3011,  3012,  3013,
         3014,  3015,  3016,  3018,  3019,  3020,  3021,  3022,  3024,  3025,
         3027,  3028,  3029,  3030,  3032,  3033,  3034,  3036,  3038,  3039,
         3040,  3041,  3043,  3047,  3048,  3053,  3055,  3056,  3057,  3058,
         3060,  3061,  3062,  3063,  3066,  3067,  3068,  3070,  3072,  3073,
         3075,  3076,  3077,  3079,  3082,  3085,  3086,  3088,  3090,  3091,
         3094,  3096,  3097,  3098,  3100,  3101,  3102,  3104,  3105,  3107,
         3108,  3109,  3110,  3111,  3112,  3114,  3115,  3117,  3118,  3119,
         3120,  3122,  3123,  3125,  3127,  3128,  3129,  3131,  3133,  3138,
         3139,  3140,  3144,  3147,  3149,  3150,  3151,  3152,  3153,  3154,
         3156,  3158,  3160,  3165,  3167,  3168,  3169,  3170,  3171,  3172,
         3175,  3176,  3177,  3178,  3179,  3180,  3181,  3182,  3183,  3184,
         3185,  3186,  3189,  3190,  3191,  3192,  3193,  3194,  3196,  3197,
         3198,  3199,  3200,  3203,  3204,  3206,  3208,  3209,  3212,  3213,
         3214,  3216,  3217,  3218,  3219,  3221,  3222,  3224,  3229,  3230,
         3231,  3232,  3234,  3235,  3236,  3237,  3238,  3239,  3240,  3241,
         3242,  3243,  3245,  3246,  3248,  3249,  3252,  3254,  3255,  3257,
         3258,  3260,  3261,  3262,  3263,  3265,  3267,  3268,  3270,  3271,
         3273,  3274,  3275,  3277,  3278,  3279,  3280,  3281,  3282,  3283,
         3284,  3285,  3286,  3287,  3288,  3289,  3290,  3291,  3292,  3293,
         3295,  3297,  3298,  3299,  3300,  3301,  3303,  3304,  3305,  3306,
         3308,  3309,  3310,  3311,  3313,  3314,  3315,  3316,  3317,  3318,
         3319,  3320,  3321,  3322,  3324,  3325,  3326,  3330,  3331,  3332,
         3333,  3335,  3337,  3339,  3340,  3341,  3344,  3345,  3346,  3349,
         3350,  3351,  3353,  3355,  3358,  3361,  3362,  3363,  3364,  3365,
         3366,  3369,  3370,  3371,  3373,  3377,  3378,  3379,  3380,  3381,
         3382,  3383,  3384,  3385,  3386,  3387,  3389,  3391,  3393,  3394,
         3397,  3399,  3400,  3402,  3403,  3406,  3407,  3408,  3409,  3410,
         3412,  3415,  3416,  3418,  3419,  3420,  3421,  3422,  3425,  3426,
         3427,  3428,  3429,  3431,  3433,  3435,  3436,  3437,  3438,  3439,
         3440,  3441,  3444,  3445,  3447,  3448,  3449,  3450,  3451,  3452,
         3453,  3454,  3455,  3458,  3459,  3461,  3462,  3466,  3467,  3468,
         3469,  3470,  3471,  3472,  3473,  3474,  3475,  3477,  3479,  3480,
         3481,  3482,  3483,  3484,  3485,  3486,  3487,  3490,  3491,  3492,
         3493,  3496,  3497,  3498,  3499,  3500,  3501,  3504,  3506,  3507,
         3508,  3509,  3510,  3511,  3512,  3514,  3516,  3517,  3518,  3519,
         3520,  3524,  3526,  3527,  3528,  3529,  3530,  3531,  3532,  3533,
         3534,  3535,  3536,  3537,  3538,  3542,  3543,  3544,  3545,  3547,
         3548,  3549,  3551,  3552,  3555,  3557,  3558,  3560,  3561,  3562,
         3563,  3566,  3568,  3569,  3570,  3571,  3572,  3574,  3575,  3576,
         3578,  3580,  3581,  3584,  3585,  3586,  3588,  3589,  3590,  3591,
         3592,  3594,  3597,  3598,  3599,  3600,  3601,  3602,  3603,  3604,
         3605,  3606,  3607,  3608,  3609,  3611,  3613,  3615,  3616,  3618,
         3619,  3620,  3621,  3622,  3625,  3626,  3627,  3628,  3633,  3634,
         3635,  3637,  3640,  3642,  3643,  3646,  3647,  3648,  3649,  3651,
         3652,  3654,  3655,  3657,  3658,  3659,  3661,  3662,  3663,  3665,
         3666,  3667,  3668,  3669,  3672,  3673,  3674,  3675,  3677,  3678,
         3679,  3680,  3681,  3683,  3684,  3685,  3687,  3688,  3691,  3692,
         3693,  3694,  3695,  3696,  3697,  3698,  3700,  3701,  3705,  3706,
         3707,  3708,  3709,  3710,  3712,  3715,  3716,  3718,  3719,  3720,
         3723,  3725,  3726,  3727,  3728,  3729,  3730,  3731,  3732,  3734,
         3735,  3736,  3737,  3740,  3741,  3742,  3743,  3745,  3746,  3747,
         3749,  3750,  3751,  3752,  3754,  3755,  3756,  3757,  3759,  3760,
         3761,  3762,  3763,  3765,  3766,  3768,  3771,  3773,  3774,  3775,
         3776,  3777,  3780,  3781,  3782,  3784,  3785,  3787,  3788,  3789,
         3791,  3792,  3794,  3795,  3798,  3799,  3800,  3801,  3802,  3806,
         3807,  3808,  3815,  3816,  3818,  3819,  3820,  3822,  3823,  3824,
         3826,  3827,  3829,  3830,  3831,  3832,  3833,  3834,  3835,  3837,
         3838,  3839,  3841,  3842,  3844,  3845,  3847,  3848,  3850,  3851,
         3852,  3853,  3855,  3856,  3857,  3858,  3859,  3861,  3863,  3864,
         3866,  3870,  3877,  3878,  3880,  3882,  3883,  3885,  3886,  3887,
         3889,  3890,  3891,  3892,  3893,  3895,  3896,  3897,  3899,  3901,
         3903,  3904,  3905,  3906,  3907,  3908,  3909,  3910,  3911,  3912,
         3914,  3915,  3916,  3917,  3918,  3920,  3921,  3925,  3928,  3930,
         3932,  3934,  3935,  3936,  3938,  3939,  3940,  3942,  3943,  3944,
         3945,  3946,  3947,  3948,  3949,  3951,  3952,  3953,  3954,  3955,
         3956,  3960,  3961,  3962,  3963,  3964,  3965,  3967,  3969,  3972,
         3973,  3974,  3975,  3977,  3978,  3979,  3980,  3981,  3982,  3983,
         3984,  3985,  3986,  3988,  3990,  3991,  3995,  3996,  3999,  4001,
         4004,  4005,  4006,  4008,  4010,  4011,  4012,  4016,  4017,  4018,
         4019,  4021,  4022,  4023,  4024,  4025,  4028,  4029,  4030,  4031,
         4033,  4034,  4035,  4038,  4039,  4040,  4042,  4043,  4045,  4047,
         4048,  4051,  4056,  4057,  4059,  4064,  4067,  4068,  4069,  4070,
         4071,  4073,  4074,  4075,  4077,  4078,  4079,  4080,  4081,  4082,
         4083,  4084,  4085,  4086,  4087,  4089,  4092,  4093,  4094,  4095,
         4096,  4097,  4098,  4099,  4100,  4101,  4102,  4103,  4107,  4108,
         4109,  4111,  4112,  4114,  4115,  4116,  4118,  4121,  4122,  4123,
         4124,  4125,  4126,  4127,  4129,  4130,  4131,  4132,  4134,  4136,
         4137,  4139,  4140,  4142,  4144,  4145,  4146,  4147,  4149,  4151,
         4152,  4153,  4156,  4157,  4158,  4159,  4160,  4161,  4162,  4164,
         4165,  4167,  4168,  4170,  4171,  4172,  4173,  4175,  4177,  4179,
         4181,  4183,  4184,  4185,  4186,  4187,  4188,  4189,  4191,  4192,
         4194,  4195,  4196,  4198,  4199,  4200,  4201,  4202,  4203,  4204,
         4205,  4206,  4207,  4208,  4210,  4211,  4212,  4213,  4214,  4216,
         4217,  4218,  4219,  4220,  4221,  4222,  4223,  4225,  4227,  4231,
         4232,  4233,  4234,  4235,  4236,  4237,  4238,  4240,  4241,  4245,
         4246,  4248,  4249,  4250,  4251,  4253,  4254,  4260,  4262,  4263,
         4264,  4266,  4267,  4270,  4271,  4272,  4273,  4278,  4279,  4280,
         4281,  4282,  4283,  4292,  4295,  4297,  4299,  4300,  4302,  4303,
         4304,  4305,  4306,  4309,  4312,  4313,  4315,  4317,  4319,  4322,
         4325,  4326,  4327,  4328,  4329,  4330,  4331,  4332,  4334,  4335,
         4336,  4337,  4338,  4339,  4340,  4341,  4342,  4343,  4344,  4345,
         4347,  4348,  4351,  4352,  4353,  4354,  4355,  4356,  4359,  4360,
         4361,  4364,  4365,  4366,  4367,  4368,  4369,  4370,  4371,  4372,
         4374,  4377,  4379,  4381,  4384,  4385,  4389,  4390,  4392,  4393,
         4395,  4396,  4399,  4400,  4401,  4402,  4406,  4407,  4409,  4414,
         4415,  4417,  4418,  4422,  4423,  4424,  4427,  4429,  4430,  4431,
         4432,  4433,  4434,  4436,  4437,  4440,  4442,  4443,  4445,  4446,
         4447,  4448,  4449,  4451,  4452,  4453,  4454,  4456,  4457,  4458,
         4460,  4463,  4464,  4465,  4470,  4471,  4472,  4473,  4474,  4475,
         4476,  4477,  4479,  4480,  4481,  4482,  4483,  4484,  4485,  4486,
         4487,  4488,  4489,  4491,  4493,  4500,  4502,  4503,  4504,  4505,
         4506,  4507,  4508,  4509,  4511,  4512,  4514,  4515,  4516,  4519,
         4520,  4521,  4522,  4523,  4528,  4529,  4532,  4535,  4537,  4538,
         4539,  4541,  4542,  4543,  4544,  4545,  4548,  4549,  4550,  4552,
         4556,  4557,  4558,  4559,  4560,  4561,  4562,  4564,  4565,  4566,
         4567,  4570,  4571,  4572,  4574,  4575,  4578,  4579,  4580,  4582,
         4583,  4584,  4585,  4586,  4587,  4588,  4589,  4591,  4592,  4593,
         4594,  4595,  4596,  4597,  4598,  4600,  4601,  4602,  4603,  4604,
         4605,  4606,  4607,  4608,  4609,  4610,  4611,  4613,  4614,  4615,
         4617,  4618,  4619,  4620,  4621,  4622,  4623,  4624,  4625,  4628,
         4629,  4630,  4631,  4632,  4634,  4637,  4638,  4639,  4640,  4641,
         4643,  4644,  4645,  4647,  4648,  4649,  4651,  4652,  4654,  4656,
         4657,  4658,  4659,  4660,  4661,  4662,  4663,  4665,  4666,  4668,
         4669,  4670,  4671,  4673,  4675,  4676,  4677,  4678,  4681,  4684,
         4685,  4688,  4689,  4692,  4693,  4694,  4695,  4696,  4697,  4698,
         4699,  4700,  4701,  4702,  4704,  4708,  4709,  4710,  4711,  4714,
         4715,  4717,  4719,  4721,  4723,  4724,  4725,  4726,  4728,  4732,
         4733,  4734,  4735,  4736,  4738,  4741,  4743,  4744,  4745,  4748,
         4749,  4751,  4752,  4753,  4754,  4757,  4758,  4762,  4763,  4766,
         4768,  4769,  4770,  4771,  4776,  4777,  4778,  4779,  4780,  4781,
         4782,  4783,  4784,  4786,  4788,  4789,  4790,  4791,  4793,  4794,
         4795,  4796,  4797,  4798,  4799,  4800,  4801,  4804,  4805,  4807,
         4808,  4809,  4810,  4812,  4813,  4816,  4817,  4819,  4820,  4821,
         4825,  4827,  4829,  4830,  4832,  4834,  4835,  4836,  4837,  4838,
         4839,  4840,  4841,  4842,  4843,  4844,  4845,  4846,  4847,  4848,
         4850,  4851,  4852,  4853,  4854,  4856,  4857,  4858,  4859,  4860,
         4863,  4864,  4868,  4869,  4871,  4872,  4873,  4874,  4877,  4883,
         4886,  4888,  4889,  4890,  4891,  4893,  4895,  4896,  4899,  4900,
         4901,  4904,  4906,  4907,  4908,  4910,  4911,  4912,  4914,  4916,
         4917,  4918,  4919,  4920,  4921,  4922,  4923,  4924,  4926,  4928,
         4930,  4934,  4936,  4938,  4939,  4940,  4941,  4943,  4946,  4947,
         4948,  4950,  4951,  4952,  4954,  4956,  4957,  4958,  4959,  4960,
         4961,  4962,  4963,  4964,  4965,  4966,  4969,  4970,  4971,  4972,
         4976,  4977,  4978,  4981,  4982,  4984,  4985,  4987,  4989,  4990,
         4991,  4993,  4994,  4995,  4996,  4998,  4999,  5001,  5002,  5004,
         5006,  5007,  5008,  5009,  5011,  5014,  5015,  5017,  5018,  5020,
         5021,  5025,  5026,  5029,  5030,  5031,  5032,  5033,  5034,  5035,
         5036,  5037,  5038,  5039,  5040,  5041,  5043,  5044,  5046,  5047,
         5049,  5050,  5052,  5053,  5054,  5056,  5057,  5060,  5062,  5063,
         5064,  5065,  5066,  5068,  5070,  5072,  5073,  5075,  5076,  5077,
         5079,  5080,  5081,  5082,  5083,  5084,  5087,  5091,  5092,  5095,
         5096,  5097,  5100,  5101,  5102,  5103,  5104,  5107,  5108,  5109,
         5111,  5112,  5113,  5114,  5116,  5117,  5119,  5120,  5122,  5124,
         5125,  5126,  5127,  5130,  5131,  5135,  5136,  5137,  5138,  5139,
         5140,  5141,  5142,  5144,  5145,  5146,  5147,  5148,  5149,  5150,
         5151,  5152,  5153,  5154,  5155,  5156,  5157,  5158,  5159,  5160,
         5161,  5162,  5164,  5165,  5166,  5167,  5168,  5171,  5172,  5173,
         5174,  5175,  5176,  5177,  5180,  5183,  5184,  5185,  5186,  5187,
         5188,  5189,  5190,  5191,  5192,  5194,  5195,  5197,  5198,  5199,
         5200,  5202,  5204,  5206,  5207,  5208,  5209,  5210,  5212,  5213,
         5214,  5215,  5216,  5217,  5218,  5219,  5220,  5221,  5223,  5224,
         5225,  5226,  5227,  5228,  5230,  5231,  5232,  5233,  5234,  5237,
         5240,  5241,  5242,  5243,  5245,  5246,  5247,  5248,  5249,  5250,
         5252,  5254,  5255,  5256,  5257,  5259,  5260,  5264,  5266,  5268,
         5270,  5272,  5273,  5274,  5275,  5277,  5278,  5279,  5284,  5285,
         5286,  5287,  5288,  5290,  5294,  5299,  5300,  5301,  5302,  5303,
         5304,  5308,  5310,  5311,  5312,  5313,  5314,  5315,  5316,  5317,
         5318,  5322,  5324,  5326,  5327,  5330,  5331,  5332,  5333,  5334,
         5335,  5338,  5339,  5340,  5341,  5343,  5345,  5346,  5348,  5349,
         5351,  5352,  5354,  5356,  5357,  5358,  5359,  5360,  5362,  5363,
         5364,  5366,  5367,  5368,  5369,  5370,  5371,  5372,  5373,  5374,
         5375,  5376,  5377,  5378,  5381,  5382,  5384,  5385,  5386,  5387,
         5388,  5390,  5391,  5392,  5393,  5394,  5395,  5396,  5397,  5398,
         5399,  5401,  5402,  5403,  5404,  5405,  5407,  5408,  5409,  5410,
         5411,  5413,  5414,  5415,  5417,  5421,  5422,  5425,  5426,  5428,
         5430,  5431,  5432,  5433,  5434,  5436,  5437,  5438,  5439,  5440,
         5442,  5443,  5446,  5447,  5449,  5450,  5452,  5453,  5456,  5457,
         5458,  5459,  5460,  5461,  5463,  5465,  5467,  5468,  5469,  5470,
         5471,  5472,  5473,  5474,  5475,  5478,  5479,  5482,  5483,  5484,
         5486,  5489,  5490,  5491,  5492,  5494,  5495,  5496,  5497,  5501,
         5503,  5505,  5507,  5508,  5509,  5510,  5511,  5512,  5515,  5516,
         5517,  5518,  5519,  5520,  5521,  5522,  5523,  5525,  5526,  5527,
         5528,  5529,  5530,  5531,  5532,  5533,  5535,  5536,  5537,  5539,
         5543,  5544,  5545,  5546,  5547,  5550,  5552,  5553,  5554,  5557,
         5558,  5560,  5561,  5563,  5564,  5565,  5566,  5568,  5569,  5570,
         5571,  5572,  5573,  5574,  5576,  5577,  5578,  5579,  5580,  5581,
         5582,  5583,  5585,  5586,  5587,  5589,  5591,  5592,  5594,  5595,
         5598,  5599,  5602,  5604,  5605,  5607,  5608,  5609,  5613,  5614,
         5615,  5616,  5621,  5622,  5623,  5625,  5628,  5629,  5630,  5631,
         5632,  5634,  5636,  5637,  5639,  5642,  5645,  5647,  5648,  5649,
         5650,  5651,  5652,  5653,  5654,  5655,  5657,  5658,  5659,  5660,
         5661,  5662,  5663,  5664,  5665,  5666,  5667,  5669,  5670,  5671,
         5673,  5675,  5676,  5677,  5678,  5680,  5682,  5683,  5684,  5686,
         5687,  5688,  5690,  5691,  5692,  5693,  5694,  5695,  5696,  5699,
         5700,  5701,  5704,  5706,  5707,  5708,  5710,  5712,  5713,  5714,
         5715,  5716,  5717,  5718,  5719,  5720,  5722,  5723,  5725,  5726,
         5727,  5728,  5729,  5731,  5733,  5735,  5736,  5737,  5740,  5741,
         5742,  5747,  5748,  5749,  5751,  5754,  5755,  5758,  5759,  5760,
         5762,  5763,  5764,  5766,  5767,  5768,  5769,  5770,  5771,  5772,
         5774,  5775,  5776,  5778,  5779,  5780,  5781,  5782,  5783,  5785,
         5786,  5788,  5790,  5791,  5792,  5794,  5796,  5798,  5799,  5800,
         5801,  5802,  5803,  5804,  5806,  5807,  5808,  5809,  5810,  5811,
         5813,  5814,  5815,  5820,  5821,  5822,  5824,  5825,  5826,  5828,
         5829,  5830,  5831,  5833,  5834,  5835,  5836,  5837,  5838,  5839,
         5840,  5845,  5846,  5848,  5849,  5850,  5851,  5852,  5853,  5854,
         5855,  5858,  5859,  5860,  5861,  5866,  5868,  5869,  5870,  5871,
         5872,  5873,  5874,  5875,  5876,  5878,  5879,  5883,  5884,  5885,
         5886,  5888,  5889,  5890,  5891,  5893,  5894,  5896,  5897,  5900,
         5901,  5905,  5906,  5907,  5909,  5910,  5911,  5913,  5914,  5915,
         5917,  5918,  5919,  5920,  5922,  5923,  5924,  5925,  5926,  5927,
         5928,  5930,  5931,  5933,  5935,  5938,  5940,  5941,  5943,  5944,
         5945,  5946,  5947,  5948,  5950,  5951,  5952,  5953,  5954,  5955,
         5956,  5957,  5960,  5961,  5962,  5963,  5966,  5967,  5968,  5969,
         5971,  5972,  5973,  5974,  5975,  5977,  5978,  5979,  5983,  5985,
         5986,  5987,  5989,  5991,  5992,  5993,  5994,  5995,  5996,  5997,
         5998,  5999,  6003,  6004,  6005,  6007,  6010,  6011,  6012,  6014,
         6016,  6017,  6018,  6019,  6020,  6021,  6022,  6025,  6026,  6028,
         6030,  6031,  6032,  6033,  6034,  6035,  6036,  6038,  6040,  6041,
         6042,  6043,  6044,  6045,  6046,  6047,  6048,  6050,  6051,  6052,
         6057,  6060,  6061,  6063,  6064,  6065,  6067,  6072,  6073,  6076,
         6077,  6080,  6081,  6082,  6083,  6084,  6085,  6086,  6088,  6090,
         6091,  6092,  6094,  6096,  6097,  6098,  6099,  6101,  6102,  6103,
         6105,  6106,  6107,  6110,  6111,  6112,  6113,  6115,  6116,  6117,
         6118,  6120,  6123,  6124,  6125,  6126,  6127,  6128,  6129,  6131,
         6132,  6133,  6136,  6137,  6138,  6141,  6142,  6145,  6146,  6147,
         6149,  6151,  6152,  6154,  6156,  6160,  6161,  6162,  6163,  6164,
         6165,  6166,  6168,  6170,  6171,  6172,  6173,  6174,  6175,  6176,
         6179,  6182,  6183,  6186,  6188,  6189,  6190,  6191,  6192,  6193,
         6194,  6195,  6197,  6198,  6199,  6200,  6201,  6202,  6203,  6204,
         6206,  6209,  6211,  6212,  6214,  6215,  6216,  6217,  6218,  6219,
         6221,  6225,  6227,  6228,  6229,  6230,  6231,  6233,  6234,  6235,
         6236,  6239,  6240,  6242,  6243,  6244,  6245,  6246,  6248,  6251,
         6252,  6253,  6254,  6255,  6256,  6257,  6258,  6262,  6265,  6266,
         6267,  6268,  6269,  6270,  6272,  6273,  6276,  6277,  6278,  6281,
         6282,  6283,  6284,  6286,  6287,  6290,  6291,  6293,  6294,  6295,
         6296,  6297,  6298,  6299,  6300,  6301,  6302,  6304,  6305,  6306,
         6307,  6308,  6309,  6310,  6312,  6313,  6314,  6315,  6316,  6318,
         6319,  6320,  6321,  6322,  6323,  6328,  6329,  6330,  6332,  6333,
         6334,  6335,  6336,  6338,  6339,  6340,  6342,  6343,  6344,  6345,
         6346,  6348,  6351,  6352,  6353,  6354,  6357,  6358,  6359,  6360,
         6361,  6362,  6363,  6364,  6365,  6366,  6367,  6368,  6369,  6370,
         6372,  6374,  6375,  6376,  6377,  6378,  6379,  6380,  6381,  6382,
         6383,  6384,  6385,  6388,  6389,  6390,  6391,  6392,  6393,  6394,
         6395,  6396,  6397,  6398,  6399,  6401,  6402,  6403,  6404,  6405,
         6408,  6409,  6410,  6412,  6413,  6414,  6417,  6418,  6419,  6420,
         6421,  6422,  6424,  6425,  6426,  6427,  6428,  6429,  6430,  6434,
         6435,  6436,  6437,  6438,  6440,  6441,  6443,  6445,  6447,  6448,
         6449,  6450,  6451,  6453,  6455,  6456,  6457,  6460,  6461,  6462,
         6463,  6464,  6465,  6467,  6468,  6469,  6470,  6471,  6472,  6473,
         6474,  6475,  6477,  6478,  6479,  6480,  6481,  6482,  6483,  6484,
         6485,  6486,  6487,  6488,  6489,  6490,  6491,  6492,  6495,  6497,
         6499,  6500,  6501,  6502,  6503,  6504,  6506,  6507,  6508,  6509,
         6511,  6513,  6514,  6515,  6516,  6517,  6518,  6519,  6520,  6521,
         6522,  6523,  6525,  6526,  6527,  6529,  6530,  6531,  6534,  6535,
         6536,  6537,  6539,  6540,  6541,  6542,  6544,  6545,  6548,  6549,
         6550,  6551,  6553,  6555,  6557,  6559,  6560,  6561,  6562,  6563,
         6566,  6568,  6570,  6571,  6572,  6574,  6576,  6578,  6580,  6581,
         6583,  6585,  6586,  6589,  6591,  6592,  6594,  6596,  6597,  6600,
         6601,  6602,  6603,  6605,  6606,  6607,  6608,  6609,  6610,  6611,
         6612,  6613,  6614,  6616,  6617,  6620,  6621,  6622,  6623,  6624,
         6625,  6626,  6627,  6628,  6629,  6630,  6631,  6634,  6635,  6636,
         6637,  6638,  6640,  6641,  6642,  6643,  6644,  6645,  6649,  6650,
         6651,  6652,  6654,  6655,  6656,  6657,  6658,  6660,  6662,  6663,
         6664,  6665,  6666,  6667,  6668,  6670,  6673,  6674,  6675,  6677,
         6678,  6679,  6681,  6682,  6684,  6686,  6689,  6690,  6691,  6693,
         6694,  6695,  6696,  6697,  6699,  6700,  6702,  6704,  6705,  6706,
         6708,  6709,  6710,  6711,  6712,  6716,  6717,  6719,  6721,  6722,
         6723,  6724,  6725,  6726,  6728,  6729,  6731,  6733,  6735,  6736,
         6740,  6742,  6745,  6746,  6747,  6748,  6749,  6750,  6751,  6752,
         6753,  6754,  6755,  6758,  6759,  6760,  6761,  6762,  6763,  6764,
         6765,  6768,  6769,  6771,  6773,  6774,  6776,  6778,  6779,  6781,
         6782,  6786,  6788,  6789,  6790,  6791,  6793,  6794,  6795,  6796,
         6797,  6798,  6799,  6800,  6801,  6802,  6803,  6806,  6807,  6808,
         6809,  6810,  6811,  6814,  6815,  6817,  6819,  6820,  6821,  6824,
         6825,  6826,  6827,  6828,  6829,  6830,  6832,  6833,  6835,  6836,
         6837,  6838,  6839,  6840,  6841,  6842,  6844,  6845,  6848,  6849,
         6850,  6854,  6855,  6856,  6858,  6859,  6861,  6862,  6863,  6864,
         6866,  6867,  6868,  6869,  6870,  6872,  6873,  6874,  6875,  6878,
         6879,  6880,  6882,  6883,  6884,  6885,  6886,  6887,  6889,  6892,
         6894,  6896,  6898,  6899,  6902,  6903,  6904,  6905,  6908,  6910,
         6912,  6913,  6914,  6917,  6918,  6921,  6922,  6923,  6924,  6925,
         6927,  6929,  6930,  6931,  6932,  6933,  6934,  6935,  6936,  6937,
         6938,  6939,  6940,  6941,  6942,  6943,  6944,  6945,  6946,  6947,
         6948,  6949,  6950,  6951,  6952,  6954,  6957,  6958,  6959,  6960,
         6961,  6962,  6963,  6964,  6965,  6967,  6968,  6969,  6971,  6972,
         6973,  6975,  6976,  6978,  6979,  6980,  6981,  6984,  6985,  6987,
         6989,  6990,  6992,  6993,  6994,  6997,  6998,  7000,  7001,  7003,
         7004,  7008,  7009,  7010,  7011,  7012,  7015,  7017,  7018,  7019,
         7020,  7021,  7022,  7023,  7026,  7027,  7028,  7029,  7030,  7032,
         7033,  7034,  7035,  7036,  7038,  7039,  7041,  7042,  7043,  7044,
         7045,  7046,  7048,  7049,  7050,  7051,  7053,  7054,  7055,  7056,
         7058,  7060,  7061,  7062,  7063,  7064,  7065,  7066,  7067,  7068,
         7069,  7070,  7071,  7075,  7076,  7077,  7078,  7079,  7080,  7081,
         7082,  7083,  7084,  7085,  7087,  7088,  7090,  7091,  7095,  7096,
         7097,  7098,  7100,  7101,  7102,  7103,  7104,  7109,  7110,  7115,
         7116,  7118,  7120,  7122,  7125,  7126,  7127,  7129,  7130,  7131,
         7132,  7133,  7134,  7135,  7136,  7137,  7138,  7140,  7141,  7143,
         7144,  7145,  7146,  7147,  7148,  7149,  7150,  7152,  7154,  7156,
         7157,  7159,  7161,  7163,  7164,  7165,  7166,  7167,  7169,  7170,
         7171,  7173,  7175,  7176,  7177,  7181,  7182,  7183,  7184,  7185,
         7186,  7187,  7188,  7189,  7190,  7191,  7192,  7193,  7194,  7195,
         7196,  7197,  7198,  7202,  7203,  7204,  7206,  7207,  7209,  7210,
         7213,  7214,  7216,  7217,  7219,  7220,  7222,  7224,  7225,  7226,
         7227,  7228,  7229,  7230,  7231,  7232,  7233,  7234,  7235,  7236,
         7239,  7240,  7242,  7243,  7244,  7246,  7248,  7250,  7251,  7252,
         7253,  7254,  7255,  7256,  7257,  7258,  7259,  7261,  7263,  7264,
         7265,  7266,  7267,  7268,  7270,  7271,  7272,  7273,  7275,  7278,
         7279,  7280,  7281,  7283,  7286,  7287,  7288,  7289,  7291,  7292,
         7293,  7294,  7295,  7296,  7297,  7298,  7299,  7300,  7302,  7303,
         7304,  7305,  7306,  7307,  7310,  7312,  7313,  7314,  7315,  7317,
         7318,  7319,  7321,  7322,  7323,  7325,  7328,  7331,  7334,  7335,
         7337,  7338,  7339,  7340,  7341,  7342,  7343,  7344,  7345,  7346,
         7348,  7349,  7350,  7351,  7352,  7353,  7354,  7355,  7357,  7358,
         7360,  7361,  7362,  7363,  7364,  7365,  7366,  7367,  7369,  7370,
         7371,  7372,  7373,  7374,  7375,  7376,  7379,  7383,  7384,  7385,
         7387,  7388,  7391,  7392,  7393,  7394,  7396,  7399,  7400,  7401,
         7402,  7405,  7407,  7408,  7409,  7412,  7414,  7415,  7416,  7417,
         7418,  7420,  7421,  7423,  7426,  7427,  7428,  7429,  7430,  7432,
         7433,  7435,  7436,  7437,  7438,  7439,  7440,  7441,  7442,  7443,
         7445,  7446,  7447,  7449,  7450,  7452,  7453,  7454,  7455,  7457,
         7458,  7459,  7460,  7461,  7462,  7463,  7464,  7465,  7467,  7468,
         7469,  7471,  7472,  7474,  7475,  7476,  7477,  7481,  7482,  7483,
         7484,  7485,  7486,  7487,  7488,  7490,  7491,  7493,  7494,  7497,
         7498,  7499,  7501,  7502,  7503,  7504,  7506,  7507,  7510,  7511,
         7512,  7513,  7514,  7515,  7516,  7518,  7519,  7520,  7522,  7524,
         7525,  7526,  7527,  7528,  7529,  7530,  7536,  7539,  7541,  7543,
         7544,  7546,  7549,  7550,  7553,  7555,  7557,  7558,  7560,  7561,
         7563,  7564,  7566,  7567,  7569,  7570,  7572,  7573,  7575,  7576,
         7577,  7578,  7579,  7580,  7582,  7583,  7584,  7585,  7586,  7587,
         7588,  7591,  7592,  7593,  7595,  7596,  7598,  7599,  7601,  7606,
         7607,  7612,  7614,  7615,  7616,  7617,  7618,  7620,  7622,  7624,
         7625,  7626,  7627,  7628,  7630,  7632,  7634,  7635,  7636,  7637,
         7638,  7639,  7640,  7642,  7644,  7646,  7647,  7649,  7654,  7655,
         7658,  7659,  7661,  7662,  7664,  7665,  7666,  7668,  7669,  7671,
         7672,  7673,  7676,  7678,  7680,  7681,  7682,  7683,  7684,  7685,
         7687,  7688,  7690,  7695,  7696,  7697,  7698,  7699,  7700,  7701,
         7702,  7703,  7704,  7707,  7709,  7710,  7713,  7714,  7715,  7716,
         7717,  7718,  7719,  7720,  7721,  7723,  7725,  7726,  7727,  7730,
         7731,  7732,  7735,  7736,  7737,  7738,  7739,  7740,  7742,  7744,
         7745,  7746,  7747,  7748,  7749,  7750,  7751,  7753,  7754,  7755,
         7756,  7758,  7759,  7760,  7761,  7762,  7763,  7764,  7765,  7767,
         7768,  7769,  7771,  7773,  7775,  7777,  7778,  7779,  7780,  7782,
         7785,  7789,  7790,  7791,  7794,  7795,  7797,  7800,  7802,  7803,
         7804,  7806,  7807,  7808,  7809,  7810,  7811,  7812,  7813,  7814,
         7815,  7816,  7818,  7819,  7820,  7821,  7822,  7824,  7826,  7827,
         7828,  7829,  7830,  7831,  7832,  7833,  7834,  7835,  7836,  7837,
         7839,  7840,  7841,  7842,  7843,  7844,  7845,  7847,  7848,  7849,
         7850,  7851,  7852,  7853,  7854,  7857,  7858,  7859,  7860,  7861,
         7863,  7864,  7866,  7867,  7868,  7869,  7870,  7872,  7874,  7876,
         7877,  7878,  7879,  7880,  7881,  7883,  7886,  7887,  7888,  7889,
         7890,  7891,  7892,  7893,  7894,  7895,  7899,  7900,  7901,  7902,
         7903,  7904,  7905,  7906,  7907,  7908,  7909,  7910,  7912,  7916,
         7917,  7918,  7920,  7921,  7922,  7923,  7924,  7925,  7926,  7928,
         7930,  7931,  7932,  7934,  7935,  7936,  7937,  7938,  7940,  7942,
         7943,  7944,  7947,  7952,  7954,  7958,  7959,  7960,  7961,  7963,
         7965,  7966,  7967,  7969,  7971,  7973,  7975,  7976,  7978,  7979,
         7981,  7983,  7985,  7988,  7990,  7992,  7993,  7995,  7996,  7998,
         7999,  8001,  8002,  8004,  8005,  8006,  8007,  8008,  8010,  8011,
         8012,  8013,  8014,  8015,  8017,  8018,  8019,  8020,  8021,  8022,
         8023,  8025,  8026,  8028,  8031,  8032,  8033,  8034,  8035,  8039,
         8040,  8041,  8042,  8043,  8044,  8045,  8046,  8047,  8049,  8050,
         8052,  8053,  8055,  8057,  8058,  8059,  8060,  8061,  8062,  8063,
         8065,  8066,  8067,  8068,  8069,  8070,  8071,  8072,  8073,  8075,
         8076,  8077,  8079,  8080,  8081,  8082,  8083,  8084,  8085,  8086,
         8087,  8088,  8089,  8091,  8092,  8093,  8097,  8099,  8100,  8102,
         8103,  8104,  8105,  8106,  8107,  8108,  8109,  8114,  8115,  8116,
         8117,  8118,  8119,  8122,  8123,  8124,  8125,  8126,  8128,  8129,
         8130,  8131,  8133,  8134,  8135,  8136,  8137,  8138,  8140,  8141,
         8142,  8143,  8144,  8145,  8146,  8148,  8150,  8151,  8152,  8153,
         8154,  8155,  8158,  8159,  8162,  8163,  8164,  8165,  8166,  8167,
         8168,  8169,  8170,  8172,  8173,  8174,  8175,  8176,  8177,  8178,
         8179,  8180,  8181,  8184,  8185,  8187,  8190,  8192,  8193,  8194,
         8196,  8198,  8202,  8205,  8207,  8209,  8210,  8211,  8212,  8213,
         8215,  8217,  8218,  8219,  8220,  8221,  8223,  8224,  8225,  8227,
         8228,  8229,  8231,  8232,  8233,  8234,  8235,  8236,  8237,  8239,
         8242,  8244,  8245,  8248,  8249,  8250,  8251,  8252,  8253,  8255,
         8256,  8259,  8263,  8265,  8266,  8268,  8270,  8271,  8272,  8273,
         8274,  8280,  8281,  8283,  8284,  8287,  8288,  8289,  8290,  8291,
         8294,  8295,  8296,  8297,  8299,  8301,  8302,  8303,  8304,  8305,
         8306,  8307,  8309,  8310,  8312,  8315,  8316,  8317,  8318,  8320,
         8322,  8323,  8324,  8325,  8326,  8327,  8328,  8330,  8331,  8333,
         8335,  8336,  8338,  8339,  8340,  8341,  8342,  8343,  8345,  8346,
         8347,  8348,  8349,  8350,  8352,  8354,  8355,  8356,  8357,  8358,
         8359,  8360,  8361,  8362,  8363,  8365,  8366,  8367,  8370,  8372,
         8373,  8375,  8376,  8379,  8380,  8381,  8382,  8383,  8385,  8386,
         8389,  8390,  8391,  8392,  8393,  8394,  8395,  8396,  8397,  8398,
         8399,  8400,  8401,  8402,  8403,  8405,  8406,  8407,  8409,  8410,
         8412,  8413,  8414,  8415,  8416,  8418,  8419,  8421,  8422,  8427,
         8429,  8433,  8434,  8436,  8438,  8439,  8440,  8442,  8443,  8445,
         8447,  8449,  8450,  8452,  8453,  8454,  8456,  8459,  8460,  8461,
         8462,  8464,  8465,  8466,  8467,  8468,  8469,  8470,  8476,  8477,
         8481,  8483,  8484,  8485,  8486,  8487,  8490,  8491,  8492,  8493,
         8494,  8496,  8497,  8498,  8500,  8501,  8502,  8504,  8505,  8506,
         8508,  8509,  8510,  8511,  8513,  8514,  8517,  8518,  8519,  8520,
         8521,  8522,  8524,  8525,  8526,  8527,  8528,  8529,  8530,  8531,
         8532,  8533,  8534,  8536,  8537,  8538,  8540,  8541,  8542,  8545,
         8546,  8548,  8550,  8551,  8552,  8554,  8555,  8556,  8557,  8562,
         8564,  8565,  8566,  8568,  8570,  8571,  8574,  8575,  8576,  8577,
         8578,  8579,  8581,  8582,  8583,  8584,  8585,  8586,  8588,  8589,
         8591,  8592,  8593,  8594,  8595,  8596,  8597
Total non-polymorphic = 6015

LD mating model: Random

Population     1 [south_Pdam_CBLM_1198]  (Number of Individuals = 8)
****************
--------------------------------------------------------------------------
Lowest Allele Frequency Used     0.050       0.020       0.010         0+
--------------------------------------------------------------------------

LINKAGE DISEQUILIBRIUM METHOD

Harmonic Mean Sample Size =        4.7         4.7         4.7         4.7
Independent Comparisons =    2651632     2651632     2651632     2651632
OverAll r^2 =                 0.321697    0.321697    0.321697    0.321697
Expected r^2 Sample =         0.348741    0.348741    0.348741    0.348741
Estimated Ne^ =               Infinite    Infinite    Infinite    Infinite

95% CIs for Ne^
* Parametric                  Infinite    Infinite    Infinite    Infinite
                              Infinite    Infinite    Infinite    Infinite

* JackKnife on Samples             1.4         1.4         1.4         1.4
                              Infinite    Infinite    Infinite    Infinite

**************************************************************************

Time: Thu Aug  8 11:55:31 2024

Non-polymorphic loci:   350,  4113,  6089
Total non-polymorphic = 3


Population     2 [north_BLCH0A]  (Number of Individuals = 216)
****************
--------------------------------------------------------------------------
Lowest Allele Frequency Used     0.050       0.020       0.010         0+
--------------------------------------------------------------------------

LINKAGE DISEQUILIBRIUM METHOD

Harmonic Mean Sample Size =      160.7       161.3       161.8       162.0
Independent Comparisons =    2229414     7572301    19334638    36798611
OverAll r^2 =                 0.006363    0.006298    0.006264    0.006252
Expected r^2 Sample =         0.006304    0.006277    0.006256    0.006249
Estimated Ne^ =                 5675.3     15740.4     43158.4    114239.0

95% CIs for Ne^
* Parametric                    4723.2     12109.5     28553.4     57716.7
                                7102.8     22470.1     88273.7   5464332.5

* JackKnife on Samples          1195.9      1430.8      1528.5      1587.3
                              Infinite    Infinite    Infinite    Infinite

**************************************************************************

Ending time: Thu Aug  8 12:23:33 2024
-------------------------------------

