Output from NeEstimator v2.1
Starting time: Wed Aug  7 17:50:29 2024
Input File: "PverTaxon1A_Ne_genepop_northsouth.txt"

Number of Loci = 8597

Non-polymorphic loci:     7,   151,   162,   466,   805,   825,   867,   872,
         1014,  1047,  1169,  1314,  1346,  1576,  1821,  2153,  2192,  2212,
         2502,  2798,  2804,  2827,  2880,  2892,  2959,  2979,  3014,  3047,
         3110,  3127,  3158,  3180,  3193,  3197,  3267,  3333,  3341,  3600,
         3887,  3892,  3936,  4263,  4417,  4710,  4943,  5020,  5139,  5176,
         5331,  5486,  5651,  5928,  6361,  6378,  6566,  6696,  6712,  6943,
         6962,  6979,  7085,  7164,  7193,  7202,  7253,  7325,  7387,  7409,
         7522,  7546,  7557,  7577,  7580,  7662,  7714,  7775,  7847,  7969,
         8088,  8168,  8212,  8407,  8412,  8506,  8522
Total non-polymorphic = 85

LD mating model: Random

Population     1 [south_BLCH0A]  (Number of Individuals = 161)
****************
--------------------------------------------------------------------------
Lowest Allele Frequency Used     0.050       0.020       0.010         0+
--------------------------------------------------------------------------

LINKAGE DISEQUILIBRIUM METHOD

Harmonic Mean Sample Size =      116.5       117.1       117.6       117.6
Independent Comparisons =    2189881     7572023    20057791    35458990
OverAll r^2 =                 0.008821    0.008730    0.008670    0.008663
Expected r^2 Sample =         0.008751    0.008703    0.008659    0.008658
Estimated Ne^ =                 4745.5     12370.5     30756.8     60447.8

95% CIs for Ne^
* Parametric                    3840.1      9324.4     20567.7     34909.6
                                6204.1     18361.0     60919.5    224959.6

* JackKnife on Samples           732.3       832.9       882.9       897.3
                              Infinite    Infinite    Infinite    Infinite

**************************************************************************

Time: Wed Aug  7 18:11:00 2024

Non-polymorphic loci:     3,     6,    15,    16,    27,    33,    37,    38,
           39,    46,    78,    82,    89,    95,   100,   108,   119,   123,
          126,   128,   132,   139,   152,   159,   161,   165,   169,   170,
          172,   173,   179,   184,   204,   212,   222,   235,   240,   242,
          248,   255,   257,   263,   265,   272,   290,   295,   302,   308,
          320,   323,   328,   336,   343,   346,   350,   353,   356,   357,
          359,   371,   378,   385,   386,   397,   413,   433,   434,   440,
          442,   443,   449,   450,   452,   460,   471,   473,   488,   500,
          503,   517,   532,   535,   542,   544,   547,   551,   553,   554,
          560,   562,   564,   565,   568,   571,   585,   590,   597,   604,
          611,   613,   628,   629,   634,   640,   642,   657,   658,   675,
          688,   690,   704,   724,   727,   735,   736,   740,   747,   760,
          768,   800,   821,   822,   840,   853,   862,   863,   874,   876,
          884,   891,   895,   897,   904,   908,   914,   928,   937,   938,
          940,   942,   944,   963,   964,   965,   970,   975,   977,   978,
          979,   991,  1000,  1012,  1028,  1032,  1034,  1052,  1062,  1066,
         1067,  1071,  1075,  1085,  1086,  1110,  1111,  1112,  1120,  1142,
         1147,  1159,  1177,  1196,  1200,  1210,  1225,  1227,  1228,  1235,
         1245,  1247,  1249,  1259,  1262,  1264,  1272,  1278,  1282,  1285,
         1286,  1292,  1293,  1295,  1319,  1323,  1332,  1343,  1344,  1365,
         1368,  1372,  1373,  1375,  1382,  1391,  1395,  1396,  1401,  1409,
         1423,  1424,  1426,  1429,  1439,  1441,  1449,  1458,  1470,  1471,
         1474,  1483,  1504,  1506,  1510,  1511,  1513,  1515,  1521,  1523,
         1534,  1548,  1549,  1552,  1556,  1564,  1568,  1569,  1580,  1591,
         1597,  1613,  1618,  1623,  1631,  1636,  1638,  1653,  1662,  1663,
         1664,  1669,  1684,  1687,  1690,  1695,  1738,  1739,  1741,  1743,
         1752,  1754,  1766,  1767,  1775,  1779,  1796,  1797,  1800,  1805,
         1809,  1813,  1826,  1829,  1838,  1840,  1849,  1850,  1855,  1860,
         1872,  1877,  1894,  1900,  1905,  1921,  1926,  1927,  1932,  1933,
         1942,  1952,  1968,  1969,  1977,  2004,  2018,  2027,  2029,  2032,
         2041,  2042,  2045,  2047,  2053,  2054,  2058,  2063,  2064,  2070,
         2073,  2076,  2082,  2086,  2088,  2089,  2104,  2107,  2116,  2117,
         2118,  2120,  2123,  2124,  2125,  2134,  2135,  2136,  2142,  2152,
         2160,  2173,  2180,  2185,  2189,  2216,  2221,  2229,  2245,  2251,
         2253,  2259,  2280,  2282,  2283,  2284,  2288,  2295,  2298,  2300,
         2312,  2313,  2326,  2329,  2333,  2337,  2339,  2342,  2344,  2348,
         2360,  2363,  2369,  2375,  2393,  2397,  2416,  2418,  2419,  2424,
         2427,  2439,  2445,  2447,  2459,  2461,  2476,  2491,  2501,  2504,
         2515,  2519,  2522,  2527,  2532,  2543,  2544,  2562,  2563,  2566,
         2585,  2592,  2593,  2596,  2597,  2599,  2604,  2605,  2621,  2622,
         2636,  2642,  2652,  2665,  2673,  2682,  2684,  2694,  2728,  2729,
         2732,  2754,  2758,  2780,  2800,  2808,  2811,  2818,  2820,  2821,
         2824,  2832,  2833,  2834,  2837,  2840,  2849,  2853,  2860,  2868,
         2872,  2879,  2883,  2888,  2893,  2899,  2906,  2907,  2928,  2929,
         2933,  2955,  2970,  2984,  2987,  2993,  2995,  2997,  2998,  3012,
         3043,  3045,  3049,  3054,  3057,  3061,  3070,  3081,  3086,  3105,
         3108,  3121,  3122,  3128,  3138,  3141,  3148,  3153,  3156,  3157,
         3160,  3167,  3171,  3177,  3178,  3179,  3186,  3187,  3208,  3214,
         3218,  3230,  3236,  3243,  3254,  3257,  3259,  3272,  3275,  3277,
         3283,  3284,  3286,  3287,  3293,  3295,  3303,  3304,  3306,  3326,
         3342,  3358,  3362,  3366,  3373,  3377,  3380,  3393,  3399,  3406,
         3410,  3415,  3429,  3436,  3445,  3453,  3455,  3459,  3468,  3474,
         3479,  3480,  3497,  3512,  3534,  3537,  3540,  3551,  3554,  3556,
         3560,  3566,  3567,  3569,  3578,  3583,  3587,  3589,  3590,  3593,
         3597,  3601,  3615,  3641,  3643,  3651,  3652,  3663,  3665,  3668,
         3669,  3674,  3676,  3694,  3700,  3723,  3725,  3732,  3739,  3756,
         3762,  3768,  3772,  3777,  3780,  3782,  3801,  3802,  3816,  3822,
         3826,  3828,  3841,  3845,  3853,  3858,  3860,  3869,  3874,  3877,
         3878,  3906,  3914,  3916,  3917,  3924,  3925,  3935,  3939,  3947,
         3951,  3964,  3965,  3972,  3975,  4018,  4019,  4024,  4030,  4031,
         4037,  4048,  4061,  4063,  4070,  4084,  4102,  4111,  4113,  4123,
         4139,  4158,  4159,  4164,  4178,  4181,  4205,  4209,  4219,  4220,
         4231,  4240,  4243,  4245,  4246,  4248,  4254,  4261,  4264,  4272,
         4279,  4282,  4298,  4304,  4312,  4326,  4327,  4330,  4332,  4337,
         4350,  4354,  4364,  4370,  4372,  4378,  4396,  4418,  4423,  4424,
         4434,  4463,  4464,  4474,  4479,  4480,  4481,  4487,  4489,  4492,
         4501,  4505,  4512,  4519,  4528,  4537,  4544,  4556,  4558,  4562,
         4574,  4593,  4594,  4597,  4616,  4621,  4638,  4639,  4642,  4643,
         4644,  4651,  4658,  4662,  4666,  4669,  4675,  4688,  4694,  4698,
         4699,  4709,  4711,  4728,  4730,  4736,  4738,  4743,  4744,  4751,
         4757,  4761,  4769,  4778,  4786,  4790,  4813,  4816,  4825,  4830,
         4831,  4832,  4835,  4836,  4838,  4840,  4848,  4850,  4856,  4860,
         4869,  4877,  4882,  4887,  4900,  4905,  4918,  4922,  4928,  4931,
         4939,  4950,  4951,  4952,  4960,  4963,  4982,  4984,  4990,  4997,
         4999,  5002,  5003,  5009,  5034,  5038,  5045,  5046,  5048,  5063,
         5070,  5080,  5082,  5083,  5096,  5099,  5102,  5105,  5107,  5111,
         5120,  5124,  5126,  5136,  5137,  5140,  5141,  5153,  5158,  5164,
         5165,  5186,  5189,  5199,  5203,  5219,  5236,  5237,  5240,  5249,
         5251,  5260,  5265,  5266,  5268,  5273,  5274,  5279,  5286,  5300,
         5303,  5304,  5332,  5333,  5337,  5338,  5339,  5347,  5352,  5356,
         5358,  5367,  5375,  5392,  5393,  5399,  5414,  5417,  5418,  5420,
         5428,  5431,  5450,  5457,  5461,  5462,  5472,  5483,  5498,  5503,
         5506,  5517,  5523,  5526,  5531,  5543,  5563,  5571,  5574,  5579,
         5595,  5598,  5609,  5618,  5623,  5625,  5639,  5647,  5654,  5655,
         5656,  5657,  5660,  5664,  5666,  5671,  5676,  5700,  5707,  5710,
         5715,  5719,  5721,  5729,  5732,  5741,  5755,  5762,  5764,  5767,
         5771,  5783,  5791,  5792,  5801,  5808,  5815,  5824,  5825,  5833,
         5837,  5839,  5840,  5842,  5848,  5854,  5855,  5858,  5871,  5875,
         5880,  5902,  5911,  5916,  5922,  5924,  5925,  5930,  5932,  5934,
         5936,  5950,  5955,  5956,  5976,  5985,  5986,  5992,  5994,  6011,
         6014,  6016,  6017,  6018,  6030,  6040,  6041,  6045,  6051,  6056,
         6073,  6080,  6082,  6083,  6085,  6088,  6089,  6102,  6111,  6112,
         6126,  6127,  6131,  6135,  6136,  6144,  6166,  6167,  6170,  6171,
         6173,  6175,  6188,  6198,  6199,  6206,  6211,  6213,  6214,  6219,
         6223,  6228,  6233,  6235,  6238,  6241,  6249,  6281,  6292,  6301,
         6312,  6319,  6322,  6323,  6330,  6334,  6344,  6347,  6363,  6370,
         6374,  6376,  6384,  6385,  6393,  6397,  6401,  6408,  6419,  6429,
         6430,  6432,  6441,  6443,  6444,  6456,  6460,  6466,  6475,  6480,
         6481,  6487,  6490,  6491,  6509,  6515,  6521,  6526,  6536,  6541,
         6544,  6546,  6548,  6550,  6551,  6555,  6557,  6559,  6578,  6595,
         6597,  6599,  6604,  6607,  6616,  6624,  6626,  6627,  6633,  6635,
         6637,  6648,  6650,  6660,  6662,  6663,  6693,  6697,  6709,  6722,
         6724,  6728,  6745,  6749,  6750,  6751,  6773,  6776,  6782,  6785,
         6788,  6801,  6802,  6803,  6806,  6807,  6815,  6820,  6826,  6829,
         6833,  6838,  6850,  6853,  6858,  6863,  6875,  6882,  6886,  6889,
         6891,  6908,  6924,  6930,  6931,  6942,  6948,  6949,  6963,  6964,
         6966,  6969,  6978,  6981,  6989,  6993,  7003,  7007,  7017,  7033,
         7038,  7039,  7042,  7046,  7048,  7051,  7054,  7060,  7064,  7067,
         7075,  7078,  7087,  7090,  7092,  7102,  7104,  7108,  7118,  7122,
         7124,  7126,  7160,  7161,  7171,  7182,  7187,  7191,  7204,  7210,
         7216,  7219,  7220,  7231,  7232,  7250,  7251,  7254,  7261,  7278,
         7284,  7297,  7306,  7310,  7315,  7322,  7323,  7334,  7344,  7366,
         7372,  7380,  7383,  7389,  7391,  7392,  7396,  7399,  7402,  7405,
         7408,  7415,  7417,  7420,  7429,  7446,  7447,  7452,  7461,  7463,
         7464,  7469,  7471,  7472,  7475,  7476,  7486,  7487,  7488,  7495,
         7498,  7503,  7524,  7525,  7526,  7528,  7535,  7540,  7543,  7544,
         7552,  7553,  7560,  7561,  7563,  7567,  7568,  7582,  7587,  7592,
         7593,  7598,  7604,  7612,  7614,  7616,  7620,  7632,  7647,  7649,
         7664,  7669,  7677,  7681,  7682,  7713,  7733,  7735,  7736,  7745,
         7748,  7772,  7778,  7779,  7780,  7787,  7789,  7790,  7791,  7800,
         7803,  7812,  7813,  7816,  7819,  7820,  7824,  7825,  7826,  7858,
         7864,  7874,  7888,  7894,  7898,  7906,  7909,  7914,  7917,  7918,
         7923,  7930,  7956,  7958,  7991,  7993,  8010,  8017,  8019,  8031,
         8039,  8041,  8043,  8050,  8066,  8069,  8078,  8083,  8085,  8109,
         8117,  8122,  8123,  8139,  8147,  8150,  8156,  8158,  8165,  8166,
         8177,  8178,  8192,  8200,  8209,  8213,  8218,  8219,  8227,  8234,
         8236,  8249,  8256,  8263,  8302,  8309,  8314,  8322,  8327,  8330,
         8332,  8342,  8343,  8352,  8356,  8363,  8364,  8367,  8370,  8381,
         8389,  8398,  8400,  8401,  8409,  8415,  8416,  8421,  8426,  8433,
         8436,  8444,  8445,  8451,  8452,  8456,  8461,  8479,  8482,  8489,
         8496,  8516,  8519,  8525,  8530,  8535,  8537,  8539,  8554,  8565,
         8576,  8593,  8594,  8595
Total non-polymorphic = 1312


Population     2 [north_Pacu_TSAU_825]  (Number of Individuals = 63)
****************
--------------------------------------------------------------------------
Lowest Allele Frequency Used     0.050       0.020       0.010         0+
--------------------------------------------------------------------------

LINKAGE DISEQUILIBRIUM METHOD

Harmonic Mean Sample Size =       48.7        48.6        48.6        49.0
Independent Comparisons =    2273182     7776500    14838186    24903879
OverAll r^2 =                 0.021622    0.021622    0.021590    0.021346
Expected r^2 Sample =         0.021597    0.021621    0.021615    0.021449
Estimated Ne^ =                13344.4    317086.1    Infinite    Infinite

95% CIs for Ne^
* Parametric                    5143.3     14775.5    Infinite    Infinite
                              Infinite    Infinite    Infinite    Infinite

* JackKnife on Samples           255.4       261.7       270.7       302.6
                              Infinite    Infinite    Infinite    Infinite

**************************************************************************

Ending time: Wed Aug  7 18:17:38 2024
-------------------------------------

